6	header
postResults v2.0.3	--cr f,p,texture --time RVE_1_40_D_tensionX.spectralOut
addCauchy v2.0.3	RVE_1_40_D_tensionX.txt
addStrainTensors v2.0.3	--left --logarithmic RVE_1_40_D_tensionX.txt
addMises v2.0.3	-s Cauchy RVE_1_40_D_tensionX.txt
addMises v2.0.3	-e ln(V) RVE_1_40_D_tensionX.txt
inc	time	elem	node	ip	grain	1_pos	2_pos	3_pos	1_f	2_f	3_f	4_f	5_f	6_f	7_f	8_f	9_f	1_p	2_p	3_p	4_p	5_p	6_p	7_p	8_p	9_p	texture	1_Cauchy	2_Cauchy	3_Cauchy	4_Cauchy	5_Cauchy	6_Cauchy	7_Cauchy	8_Cauchy	9_Cauchy	1_ln(V)	2_ln(V)	3_ln(V)	4_ln(V)	5_ln(V)	6_ln(V)	7_ln(V)	8_ln(V)	9_ln(V)	Mises(Cauchy)	Mises(ln(V))
0	0.0	nan	nan	1	1	6.000000000000838e-05	6.000000000000867e-05	5.999999999999513e-05	1.0	0.0	0.0	0.0	1.0	0.0	0.0	0.0	1.0	2.7716487604837305e-06	-1.193192284640359e-09	-2.8066754232013673e-08	-1.19319228464005e-09	2.7018729684353462e-06	-1.6832583398956398e-08	-2.8066754232013544e-08	-1.6832583398956544e-08	2.6991213888906947e-06	1599.565890624997	2.7716487604837305e-06	-1.193192284640359e-09	-2.8066754232013673e-08	-1.19319228464005e-09	2.7018729684353462e-06	-1.6832583398956398e-08	-2.8066754232013544e-08	-1.6832583398956544e-08	2.6991213888906947e-06	0.0	0.0	0.0	0.0	0.0	0.0	0.0	0.0	0.0	9.102600058541354e-08	0.0
2	4.0	nan	nan	1	1	6.000000000000838e-05	6.000000000000867e-05	5.999999999999513e-05	0.9998663539591621	2.823001994520973e-23	3.088361535027984e-23	-1.2056984608572932e-23	1.000399999999992	-4.694084540115922e-22	-4.29472174037532e-24	1.0667321179483846e-23	0.9998677424860251	-4.665289565533495	-988.3619504059438	5482.5953440661415	-988.8894566929307	28326307.31283545	1455.4062322627967	5482.602957962188	1454.631891457604	-4.55143041598063	1599.565890624997	-4.664041050329584	-988.6248117831444	5481.135714880657	-988.6248121292172	28333840.881026942	1455.0187600384156	5481.135715028203	1455.0187603998486	-4.550218690464893	-0.00013365497226576722	0.0	0.0	0.0	0.0003999200213191229	0.0	0.0	0.0	-0.00013226626077117229	28333847.24245308	0.0003552546633187779
4	8.0	nan	nan	1	1	6.000000000000838e-05	6.000000000000867e-05	5.999999999999513e-05	0.9997326366107936	-5.897136023013045e-23	-1.0191791588939361e-21	1.4651023009539226e-23	1.0008000000000163	1.7328308867352858e-21	-1.6623021589865644e-23	-9.386183846761715e-23	0.9997354145987489	0.0029849152740525826	-1976.8674505888255	10965.957278576972	-1978.9780509393602	56686614.84243687	2912.5953349504402	10965.987750047974	2909.4971071642753	0.01233315834840323	1599.565890624997	0.002983318593199042	-1977.9194625356315	10960.121860683295	-1977.9194626467688	56716781.25345268	2911.045428225214	10960.121860710095	2911.0454283301797	0.012326595388956687	-0.0002673991371692934	0.0	0.0	0.0	0.0007996801705806623	0.0	0.0	0.0	-0.0002646204101439356	56716784.75033241	0.0007104617741664332
6	12.0	nan	nan	1	1	6.000000000000838e-05	6.000000000000867e-05	5.999999999999513e-05	0.9995987343058458	2.0951492299233128e-22	9.94469619635752e-23	3.838118042246048e-24	1.001199999999973	-4.020230125905723e-21	-2.488159282559507e-23	2.9646153153900512e-24	0.9996025901056008	-16.706629749342326	-3083.134477541519	15395.673354364362	-3088.073367018496	84965657.84206149	5410.905126211049	15395.732741182901	5402.272067704417	-28.063460593948637	1599.565890624997	-16.693239881054257	-3085.5983775907966	15383.393517615625	-3085.5983677955137	85033558.50940794	5406.589301233251	15383.39351797058	5406.589316436441	-28.041076726301778	-0.00040134622277583995	0.0	0.0	0.0	0.0011992805754553518	0.0	0.0	0.0	-0.0003974888826393183	85033585.73466364	0.001065801078854431
8	16.0	nan	nan	1	1	6.000000000000838e-05	6.000000000000867e-05	5.999999999999513e-05	0.9994604266013734	-1.49501315190384e-22	-4.2320413022785016e-21	8.682087709356579e-24	1.001600000000025	-5.1198906496786186e-21	-4.9604366973579967e-23	-3.840235624614184e-22	0.9994493844826448	-5784.748929709237	-5171.233450729648	-38754.50651737987	-5182.2899805212965	108005680.26606007	53570.88203317297	-38754.07895788922	53455.87341271964	-7558.518782830646	1599.565890624997	-5778.689953080488	-5176.8756851843	-38713.487127825145	-5176.8620225827735	108123523.20939292	53514.18037247905	-38713.48773059004	53514.19809940153	-7550.518530620737	-0.0005397190207378008	0.0	0.0	0.0	0.0015987213637225677	0.0	0.0	0.0	-0.0005507671617465032	108130248.71364188	0.0014293238697163353
10	20.0	nan	nan	1	1	6.000000000000838e-05	6.000000000000867e-05	5.999999999999513e-05	0.9993169993882589	-1.093943051378929e-21	-9.294386651103031e-21	-2.4691010412462853e-22	1.0019999999999905	-3.473258600216259e-21	-2.0574959684398988e-22	-1.0418505251227894e-22	0.9992435089842769	-4019.0551367648945	5831.678388579666	-218540.7267634467	5847.374476281156	118633718.78395566	209939.4382996397	-218524.6721340194	209361.90621141612	-858.5879985763949	1599.565890624997	-4014.0696782717846	5840.082120419736	-218253.58506010356	5840.12106926056	118804675.73552608	209663.59787023766	-218253.60203282107	209663.6068883211	-857.4598957095636	-0.0006832339629176248	0.0	0.0	0.0	0.0019980026626633075	0.0	0.0	0.0	-0.0007567772994417518	118808268.37056878	0.0018125029412585654
12	24.0	nan	nan	1	1	6.000000000000838e-05	6.000000000000867e-05	5.999999999999513e-05	0.9991760820433464	-4.065758146820642e-23	-3.2817656266657427e-20	-3.3881317890172015e-22	1.00239999999999	1.871604000253102e-20	1.6294796322804602e-22	-1.7283707288724e-21	0.9990093939553433	2572.3943034689078	34647.00643559337	-395162.87228435464	34758.73575492371	123711214.39335644	397330.6731158868	-395096.8789256018	395986.73666144727	-5753.915021800863	1599.565890624997	2568.7799876393074	34709.960161882016	-394541.8221713059	34709.89835519595	123935998.08265531	396706.21602043684	-394541.7521700337	396706.2458831186	-5744.871992140447	-0.0008242575636049021	0.0	0.0	0.0	0.0023971245997112616	0.0	0.0	0.0	-0.000991097019093304	123941389.53045544	0.0022053059341392385
14	28.0	nan	nan	1	1	6.000000000000838e-05	6.000000000000867e-05	5.999999999999513e-05	0.9990370334533819	2.0379612710938467e-21	1.765407244491094e-20	-1.712700619348195e-21	1.0028000000000115	-6.971123507550254e-20	6.198163591533343e-22	-1.102836897325099e-21	0.9987653785827525	2892.3960159379753	72334.1160708302	-535292.8447654698	72606.52528173332	127014226.7584042	555241.8544185059	-535147.2480373719	553007.8758055217	-1142.635798782643	1599.565890624997	2887.8853652840257	72493.34037583179	-534312.7350673869	72493.2964330769	127293814.77412166	554225.2185123498	-534312.6934774092	554225.1754625648	-1140.5436571844227	-0.0009634304967726121	0.0	0.0	0.0	0.0027960873020124806	0.0	0.0	0.0	-0.0012353841901581752	127299986.64442822	0.0026017385334046943
16	32.0	nan	nan	1	1	6.000000000000838e-05	6.000000000000867e-05	5.999999999999513e-05	0.9988983606775971	-6.708500942254059e-21	-6.809710791539107e-20	-1.0621793158568926e-21	1.0032000000000278	3.456106183034359e-20	-4.438452643612534e-22	-7.641084217181044e-21	0.9985172393589641	-3204.172760097788	107563.33041006376	-641758.7337506145	108026.46717600722	129475224.19356488	670159.4628138895	-641513.879326714	667031.2458726717	-4270.432479714334	1599.565890624997	-3198.6950124020946	107841.86075488897	-640417.1651818629	107841.78870329303	129810494.38930418	668758.523762997	-640417.168432096	668758.4929020619	-4261.5053273618005	-0.0011022465730229985	0.0	0.0	0.0	0.003194890896547177	0.0	0.0	0.0	-0.001483861018460177	129824265.39941692	0.0030000644252169456
18	36.0	nan	nan	1	1	6.000000000000838e-05	6.000000000000867e-05	5.999999999999513e-05	0.9987591885485958	-3.71678057255187e-21	-7.663625881489848e-20	-4.675621868843738e-22	1.0036000000000167	2.4599954370633018e-20	-1.294689859878198e-21	-1.4893380311572362e-20	0.9982674901734716	6468.316988204927	136738.88995561376	-719422.6244118551	137401.6726339229	131400561.83836436	746203.920499651	-719068.4870279083	742239.0802894239	4320.071543868355	1599.565890624997	6456.300179235727	137146.3753656436	-717732.5640206755	137146.40845081292	131792138.89326245	744450.9457571477	-717732.6049645923	744450.971844709	4309.922875261605	-0.0012415818953161967	0.0	0.0	0.0	0.003593535510147033	0.0	0.0	0.0	-0.0017340123573614226	131799140.6353132	0.0033994644795633275
20	40.0	nan	nan	1	1	6.000000000000838e-05	6.000000000000867e-05	5.999999999999513e-05	0.9986188995634262	-4.6095532989579026e-21	8.58647886543525e-20	-1.8431436932253577e-21	1.0039999999999945	1.6517311878048308e-19	-1.6042804020996448e-21	1.616138863361205e-21	0.9980172253200991	6793.024224301906	160153.83913150537	-776408.2539631126	161016.8337469265	132940053.60907917	793613.0527968224	-775940.4291780322	788883.9417905574	2284.3840789314118	1599.565890624997	6779.402410214693	160693.95347688827	-774384.4967537108	160693.95231712598	133388390.22354692	791544.4501913312	-774384.4629515021	791544.4308310567	2278.429687378795	-0.0013820550348136826	0.0	0.0	0.0	0.0039920212695321484	0.0	0.0	0.0	-0.001984742979843552	133397940.69588661	0.003799580087226925
24	66.0	nan	nan	1	1	6.000000000000838e-05	6.000000000000867e-05	5.999999999999513e-05	0.997682283209469	1.496368404619447e-20	-3.2731047147800675e-19	3.6591823321385774e-22	1.0066000000000055	-1.2751233987966237e-19	4.065758146820642e-23	1.6293525773383722e-20	0.9964051186677764	2567.3630359109507	223833.34704940327	-935995.6830539511	225834.04160327459	139383158.20838115	849020.6590969346	-934797.59948447	840421.738812907	2864.8721249140904	1599.565890624997	2559.7314718242947	225162.76797116932	-932018.771743471	225162.74310075	140211001.28496772	845413.2921794109	-932018.8854153134	845413.2838950538	2852.6996944606976	-0.0023204068534313773	0.0	0.0	0.0	0.006578315360128242	0.0	0.0	0.0	-0.0036013584457486657	140225775.98038343	0.006402323411769547
28	92.0	nan	nan	1	1	6.000000000000838e-05	6.000000000000867e-05	5.999999999999513e-05	0.9967264173692331	-2.1545130046360383e-20	-2.090816127002515e-20	-1.0970770732837698e-20	1.0091999999999959	2.498679431764406e-19	-4.6180236284304454e-21	1.6188493687924187e-20	0.9948156180977233	9064.41856995926	236253.5348439924	-992961.5803685756	239209.82505328816	144340479.26725155	836563.166037967	-991057.8819777698	824639.0710819649	5977.191548963195	1599.565890624997	9028.593815876386	238264.72573332067	-987141.0998974838	238264.41050842783	145569228.10715893	831659.4520705532	-987140.9837641971	831659.099746676	5942.154819072999	-0.0032789525247842607	0.0	0.0	0.0	0.009157937784761764	0.0	0.0	0.0	-0.005197867439774647	145579495.7346081	0.00899935329364751
32	118.0	nan	nan	1	1	6.000000000000838e-05	6.000000000000867e-05	5.999999999999513e-05	0.9957638242816413	7.370880707006922e-21	8.104072426150244e-19	9.432558900623888e-21	1.011799999999992	-8.033938098117588e-20	-2.574980159653073e-21	-4.02205124674232e-20	0.993240864328392	-5905.513405696118	239434.19520204	-1026736.8101610617	243290.29480127068	148857847.71311495	829508.1695935872	-1024135.85201802	814292.5277597716	-115.39598637691489	1599.565890624997	-5876.360156963706	242089.10862554918	-1019079.6116531325	242089.26417255643	150508425.2246302	823321.8629805704	-1019080.0871456779	823321.6313963195	-114.53538610821731	-0.0042451737311502	0.0	0.0	0.0	0.01173092287569036	0.0	0.0	0.0	-0.006782082086192725	150529109.29970556	0.011589295055847344
36	144.0	nan	nan	1	1	6.000000000000838e-05	6.000000000000867e-05	5.999999999999513e-05	0.9947997907471976	7.047822340924132e-20	6.216137630674079e-19	2.0791270723304056e-20	1.0143999999999875	-4.911300316087774e-19	-3.492486248118931e-20	-1.2244708285508165e-20	0.9916764316216847	-2277.1017358122194	243548.36200178933	-1055943.4492641727	248344.3695256061	153099710.28427795	834319.9091990953	-1052626.8977207076	815628.9368372303	-11135.116678715165	1599.565890624997	-2263.6183297142243	246876.37736108314	-1046395.1897048721	246873.84761883234	155191771.9312611	826775.6576067621	-1046393.9764118232	826774.2617614804	-11034.428536423493	-0.00521377739951432	0.0	0.0	0.0	0.014297304700812355	0.0	0.0	0.0	-0.008358402705534089	155216198.45190617	0.014172368038020158
40	170.0	nan	nan	1	1	6.000000000000838e-05	6.000000000000867e-05	5.999999999999513e-05	0.993835721535067	2.5492303580565423e-20	-1.2781794936703173e-18	-2.642742795433417e-22	1.0170000000000194	-1.4034183971195491e-18	-2.0017082609513627e-20	7.643625316022806e-20	0.99012100832679	-1872.8349237544426	249102.72037783562	-1083256.8154250772	254905.16815888288	157108359.19829687	847965.9107347281	-1079206.6859634724	825553.269265445	-8370.66882352055	1599.565890624997	-1859.9028971457853	253148.63638042766	-1071755.8793910828	253145.0341633537	159660106.62063426	838963.0578936491	-1071754.7053312762	838961.8710585005	-8281.797444794642	-0.006183356069614137	0.0	0.0	0.0	0.01685711706644202	0.0	0.0	0.0	-0.00992811268993567	159683182.36415946	0.016748699037906784
44	247.5	nan	nan	1	1	6.000000000000838e-05	6.000000000000867e-05	5.999999999999513e-05	0.99096778491343	-9.67311625764411e-20	6.128994881060556e-19	-1.4775642731904014e-20	1.0247500000000072	8.314204359705091e-19	-5.328853677766254e-20	-5.606002858107861e-20	0.9855333132046594	4751.5208865015975	265877.3477542804	-1157534.126480941	274941.28955653607	167774458.13556904	908476.224081203	-1151185.4315961374	873708.4685617	4216.9428195017335	1599.565890624997	4704.824269637613	272239.0950827279	-1139872.6685323035	272239.2435453347	171788860.71570954	894614.8490583118	-1139871.9035021411	894614.0197967427	4152.601426384574	-0.009073252836003607	0.0	0.0	0.0	0.024448680402317305	0.0	0.0	0.0	-0.014572349607400618	171803411.93560314	0.024388525791877984
48	325.0	nan	nan	1	1	6.000000000000838e-05	6.000000000000867e-05	5.999999999999513e-05	0.9881138660057743	-8.094924470319897e-20	-3.1864701849348976e-18	7.462699078489288e-20	1.0325000000000082	-1.0007186052041206e-19	-4.401860820291148e-20	-1.9862583799934442e-19	0.9810086624747064	-9734.803823354297	282575.86705269536	-1219713.1093823018	295264.5367256365	176840247.71540773	980532.5694044882	-1210942.993261571	931635.2467468176	-8533.662637084357	1599.565890624997	-9610.905374875365	291511.19170657743	-1195530.4377690644	291506.59576914884	182432108.90897325	961092.016581373	-1195530.8739437067	961094.462339103	-8364.469767364957	-0.01195733888122558	0.0	0.0	0.0	0.0319830458530587	0.0	0.0	0.0	-0.019173989206314503	182461140.08772472	0.03197179204158798
52	402.5	nan	nan	1	1	6.000000000000838e-05	6.000000000000867e-05	5.999999999999513e-05	0.9852770328100577	-3.476900841889452e-20	2.515918246306925e-18	2.2185486954484635e-20	1.0402500000000108	3.914322208378729e-18	-1.3547106145206378e-19	-2.472794104896314e-19	0.9765458748880705	-8268.323181280557	297692.80325159465	-1269846.1303363708	314297.3271961136	184641252.49809322	1053592.7302189525	-1258593.709066904	989075.000515253	-7021.36929219851	1599.565890624997	-8139.3002443910245	309397.87496711774	-1238953.5261761807	309392.8788185776	191901216.7247313	1027961.1025885352	-1238954.0006116088	1027964.7341151534	-6850.554595028116	-0.014832425770045572	0.0	0.0	0.0	0.039461068880923544	0.0	0.0	0.0	-0.02373355087684369	191929716.11582145	0.03949844879066763
56	480.0	nan	nan	1	1	6.000000000000838e-05	6.000000000000867e-05	5.999999999999513e-05	0.9824580945316025	2.9746441854855423e-19	4.423680389012419e-19	-2.222614453595284e-21	1.048000000000001	1.921585720404684e-18	-1.9418060909215384e-19	3.6507120026660345e-19	0.9721433261405046	-7869.993639280919	309659.4562110529	-1311251.415431543	330312.4401558947	191391675.12258503	1121887.832211584	-1297485.4875639763	1040688.6385505415	-6698.748666660987	1599.565890624997	-7724.7209474326255	324220.1576129147	-1273534.317299039	324215.1827079447	200391229.23393348	1089617.6260839056	-1273535.1239357616	1089623.5449914953	-6506.06451940134	-0.017697588024569454	0.0	0.0	0.0	0.04688358589885152	0.0	0.0	0.0	-0.02825203051503745	200420157.1016006	0.04696922192127948
60	557.5	nan	nan	1	1	6.000000000000838e-05	6.000000000000867e-05	5.999999999999513e-05	0.979657390890563	3.7079714299004254e-20	-5.85008387218866e-19	5.330208930481861e-20	1.0557500000000017	-2.511554332562671e-19	-3.2255014631443755e-20	-2.303929616531697e-22	0.9677998913396745	-7573.619071699153	317931.07416406804	-1346181.410314263	342618.6072979495	197266372.43932378	1183447.4653597467	-1329888.928462246	1084865.8889272572	-6449.620394418149	1599.565890624997	-7412.36503260235	335330.60234166315	-1301572.2466844858	335323.7283538834	208062240.11213493	1144230.9071566784	-1301573.540635836	1144237.7343907193	-6235.895728990344	-0.020552369574320363	0.0	0.0	0.0	0.054251414831917553	0.0	0.0	0.0	-0.03272993689852501	208091525.3470278	0.0543847504285396
64	635.0	nan	nan	1	1	6.000000000000838e-05	6.000000000000867e-05	5.999999999999513e-05	0.9768750329925046	7.302101631689872e-20	4.1814967287334695e-18	1.6863409540296414e-19	1.0635000000000208	4.091236897874051e-19	1.5764299587939234e-19	-1.8851565274091709e-19	0.9635145289600521	-7295.910064717385	324351.27949938265	-1374697.6075480992	353104.4347657937	202400739.12770742	1239857.723422645	-1355898.5597983554	1123297.8754426374	-6195.088350648136	1599.565890624997	-7120.060924981253	344602.4316047258	-1323215.7835365494	344593.76090334327	215037803.9810831	1193425.5940829772	-1323218.113740905	1193431.947891212	-5963.085002091418	-0.023396544032879427	0.0	0.0	0.0	0.06156535565817456	0.0	0.0	0.0	-0.03716771188484133	215067320.4494112	0.061745693668237775
68	712.5	nan	nan	1	1	6.000000000000838e-05	6.000000000000867e-05	5.999999999999513e-05	0.9741110815511005	-5.892367756915595e-19	8.320845098011564e-19	1.8518173106052415e-19	1.0712500000000078	-2.4420027631977258e-18	-7.188260403578895e-20	2.0828878986162147e-19	0.9592861643049732	-6950.562204019963	329876.8402748609	-1397872.0311106045	362763.75185499975	206902491.3927189	1291060.545914844	-1376600.1468188565	1156125.3791070455	-5850.3333805206885	1599.565890624997	-6763.646772612812	353016.6272615976	-1339578.278177095	353008.2614088257	221416027.9412788	1237221.022116684	-1339580.4349214537	1237223.8126321346	-5606.364060674019	-0.026229935075396452	0.0	0.0	0.0	0.06882619092985978	0.0	0.0	0.0	-0.04156584996111417	221445582.06715575	0.06905273358268156
72	790.0	nan	nan	1	1	6.000000000000838e-05	6.000000000000867e-05	5.999999999999513e-05	0.9713654697236809	-2.6281060661048627e-19	2.8306079268708428e-18	-2.866495018780113e-19	1.078999999999999	-5.876429984980058e-18	9.75781955236954e-20	-2.354209492280712e-19	0.9551137959711421	-6490.563821092197	334150.4376797016	-1416455.0904236543	371168.04502789263	210858997.6938385	1334407.4603140505	-1392758.2877159202	1181197.9663885513	-5373.7449507667625	1599.565890624997	-6298.046484851881	360167.27918214106	-1351446.0205307684	360158.78831369354	227276408.8469022	1273164.016423995	-1351447.529056347	1273165.6456408284	-5127.113650238588	-0.02905249662047832	0.0	0.0	0.0	0.07603468627599654	0.0	0.0	0.0	-0.04592478751520242	227305727.919076	0.07630655055116609
76	867.5	nan	nan	1	1	6.000000000000838e-05	6.000000000000867e-05	5.999999999999513e-05	0.9686380831940166	6.353966831851299e-19	-5.832668874793112e-19	-5.307169634316544e-19	1.0867499999999843	2.685839831789716e-18	-4.174178364069192e-19	-3.9250829149406474e-19	0.9509964397464836	-5877.26322730304	336938.38869174785	-1430315.3136898915	378012.5425134563	214342491.35093018	1368933.5866056664	-1404266.5718285984	1197930.2559260877	-4751.776248140056	1599.565890624997	-5686.782288486232	365771.6687753282	-1358753.2619864906	365761.23077230563	232684708.48721442	1300442.6076127389	-1358754.5699654939	1300442.3464118992	-4514.033664880462	-0.03186423201387241	0.0	0.0	0.0	0.0831915908867502	0.0	0.0	0.0	-0.05024496013830344	232713473.19938314	0.08350782624558867
80	945.0	nan	nan	1	1	6.000000000000838e-05	6.000000000000867e-05	5.999999999999513e-05	0.9659288556983471	-1.4509335573287262e-19	5.445886526022487e-18	1.4886095828225976e-19	1.0945000000000003	-6.841044657840411e-18	-1.2793585635328952e-20	-5.098460716113084e-19	0.9469330482750893	-5140.525465055452	340505.65487882396	-1440873.298765058	385816.3813603727	217413274.5983674	1396661.661582741	-1412539.7242020569	1208354.716105621	-3994.5884498370056	1599.565890624997	-4959.894914259282	372271.6076337205	-1362902.8111718232	372259.3576776662	237695874.05075195	1321083.6139849972	-1362905.1430413257	1321082.7670879974	-3778.4278690038122	-0.03466509582718801	0.0	0.0	0.0	0.09029763798078061	0.0	0.0	0.0	-0.05452688705447977	237723851.71258947	0.0906572527505004
84	1022.5	nan	nan	1	1	6.000000000000838e-05	6.000000000000867e-05	5.999999999999513e-05	0.9632377653947958	-4.165504746689308e-19	-6.564776391763949e-18	3.577867169202165e-20	1.1022499999999733	1.6942285248344735e-18	2.646537503037116e-19	2.936019483090746e-19	0.9429225217096092	-4337.9126477074415	345030.2647065012	-1449844.9394008059	394809.10255875054	220121769.05175266	1420606.3193422658	-1419268.9140871952	1215259.8487971306	-3172.148571983592	1599.565890624997	-4173.733218863444	379881.09472202545	-1365551.073549817	379866.53957404854	242355837.01812303	1338012.3844631375	-1365553.042280968	1338010.8615268334	-2987.7201142088593	-0.0374549969374876	0.0	0.0	0.0	0.09735354525588574	0.0	0.0	0.0	-0.058771161219762294	242382931.13496605	0.0977555294032786
88	1100.0	nan	nan	1	1	6.000000000000838e-05	6.000000000000867e-05	5.999999999999513e-05	0.960564853750378	6.094300411541021e-19	-3.74435996531447e-18	-3.4488471106763897e-19	1.1099999999999688	-1.451855129175339e-18	-2.6834003769016236e-19	3.463483840004944e-19	0.9389636996865822	-3449.954554390342	348640.0138081533	-1457160.4975064688	402863.0246690652	222510902.86706457	1442834.4381835458	-1424391.5710113277	1220514.0891806383	-2245.911441775589	1599.565890624997	-3310.103646344318	386546.4910184428	-1366651.2988012838	386532.15452863515	246703778.4249822	1353215.0797891158	-1366650.9684965704	1353216.5549733962	-2106.410236997003	-0.040233778230072	0.0	0.0	0.0	0.10436001532421466	0.0	0.0	0.0	-0.06297845900187582	246729883.87116313	0.10480336151056582
92	1177.5	nan	nan	1	1	6.000000000000838e-05	6.000000000000867e-05	5.999999999999513e-05	0.9579099820818852	-5.732176885930862e-19	-6.51223324397987e-18	7.589415207398532e-21	1.1177499999999954	-1.3127519904454488e-18	2.484991379336776e-19	-8.61723886691479e-19	0.9350556058907215	-2505.423679227374	351489.7465407423	-1462594.4619297208	410131.845039949	224617389.80731797	1464503.457325597	-1427696.5288571855	1225136.2230149005	-1242.626133950819	1599.565890624997	-2397.1712525821745	392419.44873789645	-1366012.1027607634	392411.18252759695	250773267.64897776	1367795.0377319793	-1366009.7111572083	1367798.8789030253	-1160.5693733750797	-0.043001469850129016	0.0	0.0	0.0	0.11131773613194881	0.0	0.0	0.0	-0.06714927992093371	250798318.35598597	0.11180142106528228
96	1255.0	nan	nan	1	1	6.000000000000838e-05	6.000000000000867e-05	5.999999999999513e-05	0.9552728639385415	-1.9114484300919442e-19	3.566510151445379e-18	-1.3525422101756668e-19	1.1254999999999833	4.2175464509686124e-20	2.082752373344654e-19	-2.518872697226948e-19	0.9311974171354879	-1497.2166036168687	354263.84718565334	-1466269.0896673729	417388.5283610795	226472575.80003935	1485751.8651504887	-1429310.5318132997	1229262.9851448345	-165.57545819175616	1599.565890624997	-1428.5563388877426	398251.6931113815	-1363768.7635049068	398247.6727340818	254592974.90323737	1381889.5851313656	-1363764.344803775	1381896.767062792	-154.0008170915991	-0.045758257910378894	0.0	0.0	0.0	0.11822738136463523	0.0	0.0	0.0	-0.07128397570351866	254616908.41768974	0.11875035121829079
100	1332.5	nan	nan	1	1	6.000000000000838e-05	6.000000000000867e-05	5.999999999999513e-05	0.9526531812454998	-5.6085778382675145e-19	-4.662340392230791e-19	-5.28277508543562e-19	1.133249999999987	1.6721866946678432e-17	1.502704211064909e-19	-5.2041704279304214e-21	0.927388353545763	-448.1168147088094	356279.49148420605	-1468388.415086146	423815.1507842275	228103815.9237258	1508440.4210085634	-1429440.2656381002	1234434.6969564424	958.4632652279696	1599.565890624997	-426.3869212911093	403268.559706945	-1360129.9368639442	403263.6835036881	258188022.352942	1397229.066581156	-1360124.4452990033	1397242.0927741546	887.7995542783192	-0.048504364706214824	0.0	0.0	0.0	0.1250896108388107	0.0	0.0	0.0	-0.0753828652815876	258210825.23216227	0.12565078221496884
104	1410.0	nan	nan	1	1	6.000000000000838e-05	6.000000000000867e-05	5.999999999999513e-05	0.9500508173572426	-1.0950441942103595e-19	-2.5493116732194786e-18	4.096115807650236e-19	1.1409999999999711	-7.316196259932184e-19	4.868067754459915e-19	1.6197980456933436e-19	0.9236274509085733	574.4388756690508	357838.65174933494	-1469330.4270842548	429755.7356750227	229534235.58652258	1536605.840691138	-1428458.43068108	1243882.1911742236	2096.2668017241695	1599.565890624997	545.0813803983427	407796.581587835	-1355460.892044208	407792.4728945462	261579558.75356236	1417522.6246942186	-1355455.0818490821	1417540.8469126532	1933.811222208337	-0.05123980386320191	0.0	0.0	0.0	0.13190507087991368	0.0	0.0	0.0	-0.07944648030145203	261601330.29080024	0.13250336677243177
108	1487.5	nan	nan	1	1	6.000000000000838e-05	6.000000000000867e-05	5.999999999999513e-05	0.9474659839350396	-7.54387871615414e-19	-4.5533780738959975e-18	-3.8451230047198415e-19	1.1487499999999775	-5.75028306221137e-18	5.019856058607885e-19	-1.053410830786916e-18	0.9199135069082868	10563.360075202901	359289.52349336573	-1468842.969322154	435636.8165725083	230786337.94877747	1570022.8583048473	-1426127.2275655596	1257240.0785815932	6135.614034527071	1599.565890624997	9996.076335092952	412224.62484352174	-1349541.4175131286	412241.8285312527	264788715.9495807	1442503.329476079	-1349539.9691774664	1442472.674105419	5637.270582634376	-0.0539642435301235	0.0	0.0	0.0	0.1386743946877396	0.0	0.0	0.0	-0.08347562758878911	264803966.24593002	0.13930876906350712
112	1565.0	nan	nan	1	1	6.000000000000838e-05	6.000000000000867e-05	5.999999999999513e-05	0.9448987353228956	6.214104751600668e-19	7.789992609308349e-19	-2.7208053518523734e-19	1.1564999999999928	6.68519059554562e-18	7.624109676918067e-19	-5.0252770694703133e-20	0.91624525251122	7319.753847464211	359835.6973858921	-1465513.6541395616	440430.3772639041	231870294.572966	1606142.2133422678	-1421077.5237123752	1272443.8801587715	2681.3885121981903	1599.565890624997	6907.789615000097	415630.3377218682	-1341093.2118677814	415642.4450322403	267823146.90051466	1469782.5663536834	-1341097.6331958405	1469743.7844121177	2453.7416774874982	-0.05667751561873488	0.0	0.0	0.0	0.14539820268935036	0.0	0.0	0.0	-0.08747120722856576	267841604.87257057	0.14606772359895134
116	1642.5	nan	nan	1	1	6.000000000000838e-05	6.000000000000867e-05	5.999999999999513e-05	0.9423493290935806	7.219702266580974e-19	6.837249950236712e-18	-4.0489530131471165e-19	1.1642499999999971	1.3287981825982343e-18	-8.61723886691479e-19	1.234797854243741e-18	0.9126215658127128	6372.088323400737	359761.3811098342	-1459284.9554452258	444483.7206656105	232810252.3985847	1640850.871789715	-1413256.2020480554	1286175.6123597496	1625.9962619646783	1599.565890624997	5997.148641381682	418323.14017740433	-1330092.7701528573	418329.87965920364	270706976.7978714	1495584.4458772212	-1330098.8752637736	1495538.5687094224	1482.0449318446852	-0.059379235470111216	0.0	0.0	0.0	0.15207710288034706	0.0	0.0	0.0	-0.0914339795904086	270726402.87752163	0.15278084299288922
120	1720.0	nan	nan	1	1	6.000000000000838e-05	6.000000000000867e-05	5.999999999999513e-05	0.9398176484029769	1.227316859253591e-19	4.509522096018959e-18	-5.588520098076532e-19	1.1719999999999953	1.2363157372852208e-18	-2.1423834928313567e-19	7.2771649817227055e-19	0.9090415341626209	5459.134001446649	360834.5598784953	-1451069.4568506286	449985.73424391047	233618754.4964025	1672954.0882346253	-1403559.8897909268	1297551.5824298519	645.7303050017441	1599.565890624997	5124.038880520067	422358.07689948677	-1317397.979423859	422364.499082484	273451544.96836317	1518842.7577357874	-1317405.9190562742	1518788.530725821	586.2460925256868	-0.06206941359744999	0.0	0.0	0.0	0.15871169115481665	0.0	0.0	0.0	-0.09536449370041457	273471841.6888218	0.15944874919218385
124	1780.0	nan	nan	1	1	6.000000000000838e-05	6.000000000000867e-05	5.999999999999513e-05	0.9378692384187337	4.602438222200966e-19	-3.6901363041630385e-18	2.0941364961557518e-19	1.1780000000000042	1.4159680372660687e-17	4.381260979013924e-19	-5.628093477372253e-19	0.9062989754535298	-24432.31876098801	362744.18951541337	-1442407.840898136	455624.4598730775	234150169.79415843	1697183.2773453468	-1393855.0293810614	1305703.0436429721	-17989.43385159583	1599.565890624997	-22884.841368919002	426762.9259597123	-1305570.9935559996	426766.43138119957	275474051.58662784	1536176.6587948499	-1305571.9987408025	1536139.426751313	-16282.830945035426	-0.06414474436450623	0.0	0.0	0.0	0.1638180852293983	0.0	0.0	0.0	-0.09838603239370555	275516755.3358903	0.16458062312088778
128	1840.0	nan	nan	1	1	6.000000000000838e-05	6.000000000000867e-05	5.999999999999513e-05	0.9359317143461315	6.104058231093389e-20	1.422679248713754e-17	6.567012558744701e-19	1.1839999999999808	1.4678145851543257e-17	1.5200514458246771e-19	-1.0673970388119792e-19	0.9035821498325096	-24119.265552370605	365428.24729039916	-1431393.9779112055	462286.43189887266	234630182.00848195	1720345.1851244136	-1381918.9918112527	1312869.3173401519	-18656.663874484053	1599.565890624997	-22544.714185533874	432106.0114801126	-1291704.937388176	432107.49748497154	277441913.3504179	1552457.5371484696	-1291704.700970203	1552421.6546392194	-16835.9691417939	-0.0662127599242793	0.0	0.0	0.0	0.16889853646179756	0.0	0.0	0.0	-0.10138824908483987	277484661.57011676	0.16968571154877307
132	1900.0	nan	nan	1	1	6.000000000000838e-05	6.000000000000867e-05	5.999999999999513e-05	0.934004329100879	-8.0567063437397835e-19	2.583274306272587e-18	4.368250552944097e-19	1.19	-1.0170250058783026e-17	-2.977219165645195e-19	-1.214306433183765e-20	0.9008904931835093	-22588.470529952465	369111.6622797997	-1418468.9236285572	470277.25665211293	235049445.01960015	1743416.0129321774	-1368176.5159104713	1319826.5061155576	-18379.818782994815	1599.565890624997	-21070.161303718905	438668.9286838669	-1276215.3825050362	438667.04662412935	279343349.91649574	1568574.606568032	-1276213.0062753933	1568541.28073419	-16536.567751170107	-0.06827420575238825	0.0	0.0	0.0	0.17395330712343834	0.0	0.0	0.0	-0.10437156795727857	279385141.48056054	0.17476455503896693
136	1960.0	nan	nan	1	1	6.000000000000838e-05	6.000000000000867e-05	5.999999999999513e-05	0.9320869091361784	-9.700356837227807e-19	8.461113754076877e-19	-2.6703899508317975e-19	1.1960000000000117	3.378807650333826e-18	1.242495689668388e-19	-9.120308674948064e-19	0.8982237221513756	-21724.019464359622	372757.82538029045	-1404770.4415227314	478300.7062127607	235411166.64845607	1766260.1273673023	-1353733.8934635643	1326479.3246410012	-18102.499702574347	1599.565890624997	-20222.01755004316	445231.4563047363	-1260137.0256792645	445230.92474211217	281181103.17431587	1584408.1834921604	-1260136.5321284211	1584380.7460393654	-16238.688869218126	-0.07032921849795629	0.0	0.0	0.0	0.17898265552844997	0.0	0.0	0.0	-0.10733610790974968	281222251.31064636	0.17981741028750686
140	2020.0	nan	nan	1	1	6.000000000000838e-05	6.000000000000867e-05	5.999999999999513e-05	0.9301793622936808	-1.1269197380814333e-18	-9.02923569245928e-19	-3.813139040631519e-19	1.201999999999977	2.33287781453706e-18	3.0205872525446154e-19	-1.0473392986209973e-18	0.8955815029716335	-20814.150773593887	375383.3438142116	-1390735.2338573162	485083.42922330665	235719669.91897526	1788661.9743741278	-1339010.163806373	1332675.221228274	-17819.941144184846	1599.565890624997	-19335.219793173805	450612.44684632367	-1243865.1214381834	450616.2573761175	282959324.0678461	1599768.3741684766	-1243867.986933947	1599751.4332611237	-15938.046808417068	-0.07237784874907426	0.0	0.0	0.0	0.18398683611299677	0.0	0.0	0.0	-0.11028204769588089	282999803.4689414	0.18484453282592242
