6	header
postResults v2.0.3	--cr f,p,texture --time RVE_1_40_D_tensionX.spectralOut
addCauchy v2.0.3	RVE_1_40_D_tensionX.txt
addStrainTensors v2.0.3	--left --logarithmic RVE_1_40_D_tensionX.txt
addMises v2.0.3	-s Cauchy RVE_1_40_D_tensionX.txt
addMises v2.0.3	-e ln(V) RVE_1_40_D_tensionX.txt
inc	time	elem	node	ip	grain	1_pos	2_pos	3_pos	1_f	2_f	3_f	4_f	5_f	6_f	7_f	8_f	9_f	1_p	2_p	3_p	4_p	5_p	6_p	7_p	8_p	9_p	texture	1_Cauchy	2_Cauchy	3_Cauchy	4_Cauchy	5_Cauchy	6_Cauchy	7_Cauchy	8_Cauchy	9_Cauchy	1_ln(V)	2_ln(V)	3_ln(V)	4_ln(V)	5_ln(V)	6_ln(V)	7_ln(V)	8_ln(V)	9_ln(V)	Mises(Cauchy)	Mises(ln(V))
0	0.0	nan	nan	1	1	0.001500000000000045	0.001500000000000028	0.0014999999999998368	1.0	0.0	0.0	0.0	1.0	0.0	0.0	0.0	1.0	2.7716487604837305e-06	-1.193192284640359e-09	-2.8066754232013673e-08	-1.19319228464005e-09	2.7018729684353462e-06	-1.6832583398956398e-08	-2.8066754232013544e-08	-1.6832583398956544e-08	2.6991213888906947e-06	1599.565890624997	2.7716487604837305e-06	-1.193192284640359e-09	-2.8066754232013673e-08	-1.19319228464005e-09	2.7018729684353462e-06	-1.6832583398956398e-08	-2.8066754232013544e-08	-1.6832583398956544e-08	2.6991213888906947e-06	0.0	0.0	0.0	0.0	0.0	0.0	0.0	0.0	0.0	9.102600058541354e-08	0.0
2	4.0	nan	nan	1	1	0.001500000000000045	0.001500000000000028	0.0014999999999998368	0.999866353959162	8.862413082893139e-24	-1.3762300159412254e-22	-5.227781471335135e-24	1.000399999999992	-2.9732179937606027e-22	-8.602678370551487e-26	-3.070494433796839e-24	0.9998677424860252	-4.665290052752812	-988.3619504048548	5482.595344080721	-988.8894566918593	28326307.31287723	1455.406232256831	5482.6029579766355	1454.6318914516523	-4.551430973093371	1599.565890624997	-4.664041537418512	-988.6248117820551	5481.135714895233	-988.6248121281459	28333840.88106873	1455.0187600324516	5481.135715042646	1455.0187603938953	-4.550219247429315	-0.00013365497226587827	0.0	0.0	0.0	0.0003999200213191229	0.0	0.0	0.0	-0.00013226626077083916	28333847.24249539	0.00035525466331870443
4	8.0	nan	nan	1	1	0.001500000000000045	0.001500000000000028	0.0014999999999998368	0.9997326366107937	4.245421775867159e-23	-6.499257334502645e-22	9.449711317805788e-24	1.0008000000000163	5.151548506082248e-22	4.738090548703742e-24	-3.840765020206218e-23	0.999735414598749	0.003000728638948203	-1976.8674505836705	10965.957278586959	-1978.9780509342143	56686614.84244931	2912.5953349443644	10965.987750058013	2909.4971071581886	0.012348829589736852	1599.565890624997	0.0029991234992626263	-1977.9194625304733	10960.121860693274	-1977.9194626416254	56716781.25346511	2911.045428219141	10960.121860720128	2911.0454283240892	0.012342258291005395	-0.00026739913716918235	0.0	0.0	0.0	0.0007996801705806623	0.0	0.0	0.0	-0.00026462041014338033	56716784.75032911	0.0007104617741662118
6	12.0	nan	nan	1	1	0.001500000000000045	0.001500000000000028	0.0014999999999998368	0.9995987164731462	-8.977225751915499e-23	-2.524158182817815e-22	-2.165227971418805e-23	1.0011999999999948	3.878405046799831e-21	1.2361387073992446e-23	1.4928955695357042e-23	0.9996024945664157	-5.542580291098853	-3136.2048423489573	15204.343581650635	-3141.2287447832296	84941416.0481669	5625.043897048582	15204.401073178635	5616.068695029017	-22.872765353136884	1599.565890624997	-5.538138606687183	-3138.7115097896262	15192.21662363333	-3138.7114430904426	85009306.98408319	5620.557371811983	15192.216648652759	5620.5574377132625	-22.854522075241487	-0.0004013640626340614	0.0	0.0	0.0	0.001199280575477086	0.0	0.0	0.0	-0.0003975844598118727	85009325.98422244	0.001065838791629481
8	16.0	nan	nan	1	1	0.001500000000000045	0.001500000000000028	0.0014999999999998368	0.9994596740962362	-1.2176098616780566e-22	-3.8381180422460484e-22	-3.6634174968748487e-23	1.001599999999991	-1.0098750313639396e-21	-4.235164736271502e-23	-2.5961559833344305e-22	0.9994427466141732	-11233.323495891753	-4456.216430804316	-58517.9957653077	-4465.731932064169	106435935.77009457	67013.98626659122	-58517.005288633496	66869.69101057606	-16058.772387772933	1599.565890624997	-11221.632182196416	-4461.111511173821	-58456.10188492756	-4461.0841292197	106552853.89287616	66943.10626471257	-58456.102505446375	66943.14626501972	-16041.787189899667	-0.0005404719324093979	0.0	0.0	0.0	0.0015987213636879842	0.0	0.0	0.0	-0.0005574087092004668	106566597.14143458	0.0014318078474191685
10	20.0	nan	nan	1	1	0.001500000000000045	0.001500000000000028	0.0014999999999998368	0.9993167229459545	7.030373462210693e-23	-3.520057170552059e-21	-1.5331296345302836e-22	1.0019999999999947	2.66478682788571e-20	1.0140572565410077e-22	1.1638232695274088e-21	0.999230094976661	-6190.484076936915	8706.784516128326	-244703.71775586027	8730.20095610529	115700482.87560935	235312.05551682558	-244682.52590301813	234661.57232961786	-2611.309483337583	1599.565890624997	-6182.888057868855	8719.450878929527	-244382.26797762327	8719.488583356018	115868800.38589823	235002.94289378877	-244382.2887795103	235002.95078053977	-2607.879192772221	-0.0006835105941995768	0.0	0.0	0.0	0.0019980026626677393	0.0	0.0	0.0	-0.0007702015524204714	115874684.82271841	0.0018172618746910025
12	24.0	nan	nan	1	1	0.001500000000000045	0.001500000000000028	0.0014999999999998368	0.9991759911332546	1.6728900708272432e-21	-7.269014407187751e-20	-6.479802046495398e-22	1.0024000000000148	-4.673504286475602e-21	1.267373047329247e-22	-1.4907779871675685e-22	0.9989948892219547	3370.3224779765	38695.6515799106	-405528.54977798776	38820.45387223046	120577037.14865765	415161.02782825043	-405454.9689827434	413750.74906689813	-6119.6383705707185	1599.565890624997	3365.635907532631	38766.52809078039	-404891.24548670556	38766.47245267074	120797890.89669354	414508.5857135018	-404891.16736246186	414508.5915702881	-6110.02111477752	-0.0008243485486650505	0.0	0.0	0.0	0.002397124599736514	0.0	0.0	0.0	-0.0010056162406085845	120803451.11610104	0.0022105500797849334
14	28.0	nan	nan	1	1	0.001500000000000045	0.001500000000000028	0.0014999999999998368	0.9990358772017596	6.166399856011306e-22	3.223415644511762e-20	-2.2124500582282326e-21	1.0027999999999846	-1.62698088508606e-20	8.762555839345737e-22	2.2776715951668137e-21	0.9987522620590953	202.52044540146247	75886.54231109265	-528729.1962787248	76172.42069600815	123949953.81117743	556721.0533794021	-528579.0779920621	554473.8509642583	-1245.1594729580381	1599.565890624997	202.20727316797644	76054.6731650073	-527761.7152935489	76054.62968941563	124224571.82568023	555702.3522428231	-527761.6973562423	555702.3186107852	-1242.88105118357	-0.0009645878635695597	0.0	0.0	0.0	0.002796087301986352	0.0	0.0	0.0	-0.0012485170140092209	124232253.82245877	0.0026069188938612478
16	32.0	nan	nan	1	1	0.001500000000000045	0.001500000000000028	0.0014999999999998368	0.9988951794419424	5.7750706343798194e-21	-8.181279479292474e-22	-4.9839418616443035e-21	1.0031999999999874	2.789279495308411e-20	-1.8829542417463095e-21	-7.062560714206356e-21	0.9985065053340099	-6050.721250658744	109410.99382377307	-618957.3843969941	109882.43327973066	126485573.87940165	653962.4374442081	-618716.5935672047	650902.8519686941	-5293.093947270044	1599.565890624997	-6040.442072420106	109695.83718462934	-617665.4481583748	109695.76113434724	126814869.63574651	652597.4359224101	-617665.4960399823	652597.4289893939	-5282.045787804984	-0.0011054313221883136	0.0	0.0	0.0	0.003194890896506451	0.0	0.0	0.0	-0.0014946110408207145	126830222.48136388	0.003005020260911171
18	36.0	nan	nan	1	1	0.001500000000000045	0.001500000000000028	0.0014999999999998368	0.9987531521340013	1.9397054492123479e-22	-1.5191070040884888e-19	-5.014435047745458e-21	1.0036000000000014	1.4100345714705524e-19	-6.469637651128346e-21	-4.1784135288054634e-21	0.9982597753312435	-4354.683718659674	136413.18230402726	-683785.2701412797	137075.09716377474	128455841.79783575	715016.3799336628	-683447.5821934405	711211.7570869942	-1592.7681217233746	1599.565890624997	-4346.627199408457	136821.58141720036	-682183.0517198807	136821.49707924275	128840417.91420564	713340.9820192049	-682183.1485493748	713341.0106236889	-1589.0360108735533	-0.0012476258275328736	0.0	0.0	0.0	0.0035935355101311033	0.0	0.0	0.0	-0.0017417406186900364	128854945.20593792	0.0034041205062525634
20	40.0	nan	nan	1	1	0.001500000000000045	0.001500000000000028	0.0014999999999998368	0.9986097100015785	-4.789124283775814e-21	-6.099653659767668e-20	-2.0938654456126304e-21	1.0039999999999727	1.052014920489841e-21	-5.828433710056841e-21	-1.7558992996581646e-20	0.9980129672436316	8310.293777593055	157867.12058954107	-732307.4178454229	158719.254847864	130038808.20649217	751285.477781315	-731869.7154031323	746805.3870343523	2082.9343393988593	1599.565890624997	8293.6648211134	158401.65651571177	-730405.3336419518	158401.65649911913	130479117.844897	749334.1002522036	-730405.2389391316	749334.059931767	2077.5241572713935	-0.0013912573482631845	0.0	0.0	0.0	0.003992021269510475	0.0	0.0	0.0	-0.001989009524992311	130486808.83313894	0.0038037912580346617
24	66.0	nan	nan	1	1	0.001500000000000045	0.001500000000000028	0.0014999999999998368	0.9976480703089649	6.827085554869661e-21	2.8484701576625416e-19	2.6139436752267707e-21	1.0065999999999915	4.320105200222163e-19	-2.541098841762901e-21	2.961227183601034e-21	0.9964261264877229	4270.699688124034	210611.4239838674	-875763.4720299079	212501.2187442205	136519696.1859518	781016.4101086664	-874690.8162689622	773122.5455776434	4421.597257060688	1599.565890624997	4257.915132210728	211865.1141237594	-872072.384176784	211865.08557844537	137332346.29662427	777724.6535139771	-872072.384989764	777724.6516457035	4402.96151299487	-0.0023546998219587368	0.0	0.0	0.0	0.006578315360114565	0.0	0.0	0.0	-0.0035802750549714843	137343418.8364804	0.006403085265304263
28	92.0	nan	nan	1	1	0.001500000000000045	0.001500000000000028	0.0014999999999998368	0.9966673595511543	2.0382577326253857e-20	2.0764843295349722e-19	1.2470019049477809e-20	1.009199999999994	2.593309952631656e-19	-1.578869413682016e-20	-5.529431079676072e-21	0.9948603700985802	8268.054625231716	219589.83661261055	-930162.6093915512	222350.79601533228	141246485.6121167	761551.1335888499	-928476.2011165862	750730.0059265856	6015.413124750794	1599.565890624997	8235.006838666395	221462.33203593837	-924765.0340028203	221462.04987341404	142450928.41306663	757131.9819110502	-924765.0399406741	757131.6614946998	5980.506705693117	-0.003338206063929265	0.0	0.0	0.0	0.009157937784759785	0.0	0.0	0.0	-0.005152883230154925	142459378.4220184	0.008996866892000353
32	118.0	nan	nan	1	1	0.001500000000000045	0.001500000000000028	0.0014999999999998368	0.9956809309611563	-3.5294380604429e-20	7.99897257805493e-19	2.583450489125616e-21	1.011800000000002	1.7892046351442037e-19	-2.122325752640375e-20	-1.82586422110137e-20	0.9933079356387716	-6108.855786891819	221996.38516013746	-966172.3155795552	225590.3039631469	145449528.33871007	751602.1078075925	-963869.8225327817	737865.5038152038	-1609.408432930316	1599.565890624997	-6078.288261951667	224461.4726592866	-959046.6317644399	224461.49400540543	147064625.8719706	746058.9154715561	-959046.8056099479	746058.8941183664	-1597.538774239503	-0.004328423161308581	0.0	0.0	0.0	0.011730922875700675	0.0	0.0	0.0	-0.006714556626554929	147084034.91762143	0.011583819578460917
36	144.0	nan	nan	1	1	0.001500000000000045	0.001500000000000028	0.0014999999999998368	0.9946940189735234	-3.4927827096504703e-20	5.788690924171669e-19	-5.1228552649940085e-21	1.0144000000000133	-5.336849668788335e-19	1.0286368111456223e-20	5.3007321839174114e-20	0.9917649291177351	2846.2544424931334	224245.60843467357	-998056.6270136673	228685.5560229219	149383697.2676901	753099.4957678521	-995117.1589120956	736294.1845929212	-4854.670396505305	1599.565890624997	2829.1484375381638	227313.74312639516	-989136.9727410766	227311.15456532367	151427569.1952786	746369.0288250985	-989136.4992785124	746368.1822369843	-4811.284099202941	-0.0053201077366654735	0.0	0.0	0.0	0.014297304700837746	0.0	0.0	0.0	-0.008269166393475086	151444281.1489495	0.01416400316416283
40	170.0	nan	nan	1	1	0.001500000000000045	0.001500000000000028	0.0014999999999998368	0.9937075921203673	8.468995395651078e-20	9.215718466126788e-22	2.2624250021162363e-20	1.0169999999999957	-2.1056425917112542e-18	1.5795470400398192e-20	1.7496312558484827e-20	0.9902304285856559	1760.841547576918	226803.30893543747	-1028173.2994335465	232116.8562340705	153111508.2356713	762548.0953454231	-1024574.6322404835	742475.6743236699	-3846.064754677841	1599.565890624997	1748.4896122033997	230491.28594690945	-1017388.3509259152	230488.60500882377	155601206.13829625	754549.4029582316	-1017387.4553703127	754548.8368861364	-3805.7217401694224	-0.006312288520038673	0.0	0.0	0.0	0.016857117066418875	0.0	0.0	0.0	-0.009817606789883563	155618212.71333385	0.016737512786238046
44	247.5	nan	nan	1	1	0.001500000000000045	0.001500000000000028	0.0014999999999998368	0.9907768397086427	1.3224894812070842e-19	7.268694652250162e-19	7.20238467797436e-20	1.0247500000000138	9.370894902063775e-19	1.1015494072452725e-19	-9.446111427779957e-21	0.9857021220912286	-6877.575400880453	233927.35090797258	-1110334.2883447697	241944.42299792034	163153988.32281107	810388.1438817764	-1104646.8896862443	779509.7565670871	-5952.673142468525	1599.565890624997	-6808.818254576191	239529.7521827242	-1093603.7191323317	239525.6333635037	167061415.6014627	798177.1772634571	-1093603.4094796903	798178.4861402733	-5862.977983943288	-0.00926595698466711	0.0	0.0	0.0	0.024448680402323154	0.0	0.0	0.0	-0.014401077435686088	167084723.66486558	0.024369151356466483
48	325.0	nan	nan	1	1	0.001500000000000045	0.001500000000000028	0.0014999999999998368	0.9878646085233529	-2.962582436316641e-20	2.710505431213761e-22	-1.147153661125444e-19	1.032500000000017	2.4807087807554586e-18	-1.190453985389084e-19	-1.191063849111107e-19	0.9812342260588642	-5783.797805094942	241843.45630325231	-1182622.2252688732	252767.20607442482	172007236.9299433	870364.0738014885	-1174684.2270024735	827149.9478032236	-5024.10228788866	1599.565890624997	-5708.872628799009	249496.36700012424	-1159467.4193862278	249492.7784206307	177450245.57513046	853323.0350441457	-1159466.9898572399	853324.3367249685	-4925.734346947783	-0.012209626532084652	0.0	0.0	0.0	0.031983045853067514	0.0	0.0	0.0	-0.018944085368752462	177473606.81573793	0.03194411064777785
52	402.5	nan	nan	1	1	0.001500000000000045	0.001500000000000028	0.0014999999999998368	0.9849731137687525	-1.9843610261915944e-19	-2.9495449051925027e-18	-3.905880678026392e-20	1.0402499999999903	1.895808813753841e-18	-6.830473686658678e-20	-1.1917414754689104e-19	0.9768257125002983	18597.072075378856	249592.08557827084	-1246049.3697613955	263604.16512398614	179873412.94038114	932972.7784707525	-1235740.4365978327	876085.8015928497	14788.488201956377	1599.565890624997	18301.62982722348	259411.57543131852	-1216110.8113532087	259416.41950189654	186950020.1537426	910556.4435330416	-1216108.8552798077	910552.9026598118	14433.168397984378	-0.015140933848822747	0.0	0.0	0.0	0.03946106888090433	0.0	0.0	0.0	-0.02344703333358812	186952712.0132167	0.03946249785127076
56	480.0	nan	nan	1	1	0.001500000000000045	0.001500000000000028	0.0014999999999998368	0.9821021769923625	6.926357816287865e-20	2.710695166593946e-18	1.2740709603596603e-19	1.0479999999999658	-2.160950455035171e-18	2.255140518769849e-20	-2.613198286233187e-19	0.9724751740212835	17017.1113605233	256497.2021362303	-1301969.274366592	273714.7175547742	186854561.3585934	994624.4019020076	-1289204.559627496	922942.5638330391	13510.49683520189	1599.565890624997	16697.291729047058	268563.7765153274	-1264977.436121653	268570.5225005497	195644889.06559706	966364.9139755141	-1264975.2460605619	966361.1859520086	13126.633618629678	-0.01805992615009607	0.0	0.0	0.0	0.046883585898818046	0.0	0.0	0.0	-0.027910731814060605	195649958.864952	0.046925207846841364
60	557.5	nan	nan	1	1	0.001500000000000045	0.001500000000000028	0.0014999999999998368	0.9792520439456904	7.701223556436099e-20	-2.1777488124451184e-18	1.8637604751615271e-19	1.0557499999999789	1.7108981332364382e-18	1.34332649170954e-19	-2.1083327683517338e-19	0.9681815868286171	16099.230639361962	262287.6000175135	-1351587.0096682268	282785.6982033307	193077549.22299492	1053513.4689749002	-1336304.9418673893	966126.7451623039	12717.8857114185	1599.565890624997	15750.241354366728	276647.31129206624	-1307339.647741015	276655.6426228132	203648151.34164378	1019024.2415530063	-1307337.3398344275	1019020.2144465086	12301.535977367575	-0.020966219182116903	0.0	0.0	0.0	0.05425141483189589	0.0	0.0	0.0	-0.03233561959932267	203654926.98865384	0.05433286352374748
64	635.0	nan	nan	1	1	0.001500000000000045	0.001500000000000028	0.0014999999999998368	0.9764226699112569	1.168634416667813e-19	-4.289578132803118e-18	-6.205024558406103e-20	1.063500000000003	2.9317910946180526e-18	-1.2902005852577502e-20	1.5132074196108624e-19	0.9639438637738739	15463.23857686777	266829.67834035464	-1396016.5675414184	290635.6244873805	198632515.73152527	1108913.146196542	-1378172.898604016	1005101.7477503142	12157.844349266887	1599.565890624997	15083.815763235321	283494.4333596664	-1344358.892223262	283504.27319659776	211038040.61213157	1067879.3385798165	-1344356.5517720804	1067875.0288183063	11707.960020838616	-0.023859722880284456	0.0	0.0	0.0	0.061565355658158065	0.0	0.0	0.0	-0.03672221866689077	211046167.42144647	0.061686186294216516
68	712.5	nan	nan	1	1	0.001500000000000045	0.001500000000000028	0.0014999999999998368	0.9736139659015123	4.994106257011355e-20	-2.7590167021689093e-18	-1.8267451353665142e-19	1.0712500000000087	4.087225349835855e-18	3.6971294081755704e-20	1.4516111836865298e-19	0.9597609431912119	14934.233939066737	270107.69474875054	-1435978.740940749	297206.29819599696	203595957.60968238	1160795.0626170482	-1415544.4231544556	1039982.5680712989	11678.047011786506	1599.565890624997	14525.431496598192	289059.3946345388	-1376798.4884470284	289070.7178163614	217880961.56030092	1112955.8133715224	-1376795.999902929	1112951.3797701732	11196.765673082078	-0.02674039281277854	0.0	0.0	0.0	0.06882619092986082	0.0	0.0	0.0	-0.041071043039417277	217890253.5498219	0.06898589469071907
72	790.0	nan	nan	1	1	0.001500000000000045	0.001500000000000028	0.0014999999999998368	0.9708258507262917	-4.3231206375143884e-19	5.4124897109781436e-18	4.0040941482605284e-20	1.078999999999975	2.523019770536705e-18	-6.006480035569695e-20	6.244326887158702e-20	0.9556317480795232	14454.27891313457	272210.5528581075	-1471741.6296370726	302554.40228788275	208033510.59247658	1209402.7929555492	-1448705.0130092246	1071120.5333111635	11229.293799311603	1599.565890624997	14017.94709363272	293408.7465688102	-1404975.6511492988	293421.18203926797	224233965.0184869	1154537.8905627048	-1404972.9044726063	1154533.2456922184	10719.873685658495	-0.02960817721238778	0.0	0.0	0.0	0.07603468627597514	0.0	0.0	0.0	-0.04538264089323989	224244293.4875771	0.07623270754349708
76	867.5	nan	nan	1	1	0.001500000000000045	0.001500000000000028	0.0014999999999998368	0.9680578021469446	-1.8829881230641998e-19	3.844072683865246e-18	2.017158141909281e-19	1.0867499999999934	7.617224993122785e-18	-1.9434323941802667e-19	3.547780558915692e-19	0.9515551935993302	-28254.35861784061	273453.9088386937	-1503439.517959382	306987.79049699265	211975626.12656265	1255260.0977575446	-1477809.0248058657	1099108.046054476	-18737.100366933108	1599.565890624997	-27322.587174916254	296858.07176435937	-1429075.0042238764	296863.9557860206	230118033.05431494	1193171.263676595	-1429073.8803973657	1193177.6605354412	-17810.30860646936	-0.032463480526588345	0.0	0.0	0.0	0.08319159088675837	0.0	0.0	0.0	-0.049657586992558136	230163762.8812532	0.08342746270996235
80	945.0	nan	nan	1	1	0.001500000000000045	0.001500000000000028	0.0014999999999998368	0.9653106277849195	-2.0224436275001478e-19	1.3404113431182696e-17	-1.418000916339479e-19	1.0945000000000056	-1.0248421035419231e-18	3.336090084737897e-19	-2.364373887647764e-19	0.9475302285247319	-27715.787486126846	274109.5859383769	-1531524.5624314887	310801.8997488345	215525303.96835858	1297923.0536561494	-1503311.758116621	1123642.9791351154	-18306.07544155887	1599.565890624997	-26725.04116642141	299684.34864455403	-1449576.4099670772	299691.7756548409	235634080.85515678	1228474.3494713306	-1449573.4116067302	1228480.2560200724	-17326.561891395362	-0.035305335362297866	0.0	0.0	0.0	0.09029763798078588	0.0	0.0	0.0	-0.05389643907827865	235679658.39536428	0.09057062058467255
84	1022.5	nan	nan	1	1	0.001500000000000045	0.001500000000000028	0.0014999999999998368	0.9625838717982598	3.341782146143446e-19	4.578084330901511e-18	-3.948257736377525e-19	1.102249999999988	-8.103923348351528e-18	-1.6501557065229378e-19	1.6527306866825909e-19	0.9435557001209829	-27161.81799901312	274475.42858773423	-1556265.6752320663	314309.9448306371	218698091.0167845	1337636.4997074048	-1525496.7688748857	1145057.762055848	-17850.727848813956	1599.565890624997	-26116.272098459744	302202.0099783249	-1466780.239745947	302211.1422271894	240790234.02478945	1260722.2641732977	-1466775.4825065532	1260727.6323969772	-16824.309171901918	-0.03813407708596662	0.0	0.0	0.0	0.09735354525589944	0.0	0.0	0.0	-0.0580998802817443	240835573.74392644	0.09766302224883319
88	1100.0	nan	nan	1	1	0.001500000000000045	0.001500000000000028	0.0014999999999998368	0.9598774011277847	8.940602164858592e-20	9.248895052604844e-18	-3.6084958805748803e-19	1.110000000000014	6.95564482747213e-18	-2.1597307275911248e-19	7.5833165701783e-20	0.9396306045746254	-26681.31266740812	274511.90990197874	-1577760.8402222176	317455.5452239195	221531683.26368278	1374514.7380000122	-1544474.6928999522	1163549.5679079264	-17475.83934561553	1599.565890624997	-25581.562054556587	304360.4872699439	-1480820.5305097227	304370.65938021854	245619547.39210153	1290062.2145191133	-1480814.5195335483	1290066.1161755899	-16402.094050725867	-0.04094970983406619	0.0	0.0	0.0	0.10436001532425546	0.0	0.0	0.0	-0.06226845480932996	245664657.09387487	0.10470535608921985
92	1177.5	nan	nan	1	1	0.001500000000000045	0.001500000000000028	0.0014999999999998368	0.9571910136373417	-6.01732205729455e-20	2.434711503587761e-18	3.1008182133085424e-20	1.117749999999987	5.3466345933950166e-18	2.287666583944414e-19	4.955955893067021e-19	0.935754019723435	-26275.082852646385	274054.3567816067	-1595986.040591	320035.44752224477	224059227.82417005	1409011.9685794448	-1560235.7988615471	1179593.2739336116	-17187.934599464123	1599.565890624997	-25121.045737157106	305968.2739818102	-1491714.795278179	305979.0585553992	250151159.83611178	1316956.3810693915	-1491708.1359461115	1316958.1475168252	-16064.987844630485	-0.043752311168605514	0.0	0.0	0.0	0.11131773613194146	0.0	0.0	0.0	-0.06640263648314379	250196054.2959344	0.11169829169000356
96	1255.0	nan	nan	1	1	0.001500000000000045	0.001500000000000028	0.0014999999999998368	0.9545247708921312	2.0464316005663896e-19	4.1877308912252607e-19	1.7797178661349555e-19	1.1254999999999897	-6.534215443027014e-19	4.119968255444917e-20	-2.282516623625108e-19	0.9319251582184569	12519.624470876814	272993.32980869233	-1611018.2158410023	321911.79673107073	226331639.80222705	1441600.2018693085	-1572870.1484176428	1193649.7614072065	8969.05580441491	1599.565890624997	11936.163714329752	306890.74853033514	-1499573.470075347	306909.5176372331	254435104.34368134	1341875.2165070705	-1499568.5882246175	1341864.539393774	8348.607112989532	-0.04654168445885604	0.0	0.0	0.0	0.11822738136464075	0.0	0.0	0.0	-0.07050276986166293	254449389.51452878	0.11864236515954801
100	1332.5	nan	nan	1	1	0.001500000000000045	0.001500000000000028	0.0014999999999998368	0.9518773113938591	-4.340874448088839e-19	1.6565253942862901e-18	-1.1329912702473521e-20	1.133250000000005	-2.0594420266362156e-19	-1.2067170179763664e-19	3.822354759097646e-19	0.9281431194638707	-27392.44686619112	271287.51220478094	-1622915.5825739359	322992.8204841986	228309823.78539693	1473154.4683991713	-1582441.8258186083	1206528.4550967743	-16922.501607114184	1599.565890624997	-26042.948413681734	307067.517692705	-1504489.7290144262	307080.4664858761	258421518.50218937	1365656.8405382782	-1504482.2771313363	1365657.0282988925	-15687.64890207931	-0.04931912708209722	0.0	0.0	0.0	0.12508961083882636	0.0	0.0	0.0	-0.07456933452696138	258466891.88247374	0.12553855123140167
104	1410.0	nan	nan	1	1	0.001500000000000045	0.001500000000000028	0.0014999999999998368	0.9492494976871609	-2.9896874906287783e-19	5.8842904507305786e-18	-4.716279450311944e-20	1.1409999999999814	1.0590378400621159e-17	4.410534437671032e-19	8.073104901598627e-19	0.9244071331683431	-27664.422105471098	269289.27058144065	-1632062.9250782738	323700.35542753764	230081565.33333904	1503703.0423583388	-1589344.7742029622	1218255.4167630803	-17398.99826726949	1599.565890624997	-26228.45264440043	306884.8053362856	-1506852.9712113505	306898.13114251476	262203303.66796264	1388340.7081798268	-1506847.0972167377	1388336.3255282256	-16064.167522143034	-0.05208360903848657	0.0	0.0	0.0	0.13190507087992265	0.0	0.0	0.0	-0.07860268407301696	262249001.96851474	0.13238715158716435
108	1487.5	nan	nan	1	1	0.001500000000000045	0.001500000000000028	0.0014999999999998368	0.946640719428251	3.4366498362359278e-19	-3.2211104443458092e-18	1.233822072288504e-19	1.1487500000000082	-5.994093025749048e-18	2.5782327661705297e-19	1.2617402782300059e-19	0.9207163687280778	-27332.80957762919	267342.8060391207	-1638901.516895025	324436.13792449964	231646463.257927	1533450.0900126896	-1594014.8282013459	1229043.8401297235	-17274.68900977769	1599.565890624997	-25842.402541604963	306730.8487365366	-1507100.2824878988	306745.24151921546	265775306.74800938	1410129.3091836502	-1507096.1779714527	1410120.8325098425	-15885.450356925949	-0.05483564592529445	0.0	0.0	0.0	0.13867439468776704	0.0	0.0	0.0	-0.08260325027780847	265820740.4955821	0.13918889788984826
112	1565.0	nan	nan	1	1	0.001500000000000045	0.001500000000000028	0.0014999999999998368	0.9440507142900774	4.704082175871482e-19	3.954573214032253e-18	5.468715758016884e-19	1.1565000000000087	-2.772196534828186e-18	-9.454242944073599e-20	5.814305200496639e-19	0.9170700388623969	-27068.670656372175	265545.0297574656	-1643937.9203929491	325320.3363483999	233022447.80279818	1562394.2656930354	-1596951.5341983	1238921.7586321395	-17256.397428634245	1599.565890624997	-25522.23986123968	306718.76499721466	-1505720.8045231462	306734.8138896679	269153436.8840612	1431033.0831466825	-1505717.8322493278	1431021.1419995283	-15805.533954228353	-0.057575391514739956	0.0	0.0	0.0	0.14539820268936418	0.0	0.0	0.0	-0.08657143138454855	269198669.99751073	0.14594440448689042
116	1642.5	nan	nan	1	1	0.001500000000000045	0.001500000000000028	0.0014999999999998368	0.9414792282055602	6.764337354137062e-19	4.295066906301326e-18	2.4765888125000136e-19	1.1642499999999973	6.673698052517274e-18	1.8084492237058213e-19	2.9193498746887814e-19	0.9134673752886869	-26841.837127242517	263961.1437261479	-1647576.7344819198	326438.09695464605	234226047.70208102	1590585.0082761936	-1598553.832768859	1247955.91813197	-17335.774055117778	1599.565890624997	-25239.04681281539	306927.79387085704	-1503102.7223649102	306945.6971766925	272352525.35075456	1451108.531733759	-1503100.3588465431	1451093.7155118203	-15815.620985170242	-0.060302993575935264	0.0	0.0	0.0	0.15207710288034745	0.0	0.0	0.0	-0.09050761777152577	272397609.29933304	0.15265427270456902
120	1720.0	nan	nan	1	1	0.001500000000000045	0.001500000000000028	0.0014999999999998368	0.9389260336760165	-5.450284321084631e-19	-4.586825710917175e-18	9.40545384631175e-21	1.171999999999987	8.814075771329533e-18	3.7795287732844687e-19	-6.165722229653503e-19	0.9099076027874328	-26629.41363229965	262781.7201369899	-1650076.533050648	328034.33097427705	235272100.222	1618208.5594696738	-1599076.8380073293	1256317.082511182	-17498.114160427063	1599.565890624997	-24971.04389508408	307585.93769859144	-1499495.253185319	307605.70964723214	275385934.46825665	1470535.4600144166	-1499492.9465912154	1470518.8308742114	-15901.286151101107	-0.06301857425454632	0.0	0.0	0.0	0.15871169115480963	0.0	0.0	0.0	-0.09441222002473486	275430909.10532594	0.15931909699584906
124	1780.0	nan	nan	1	1	0.001500000000000045	0.001500000000000028	0.0014999999999998368	0.9369621218056957	-1.0089043316063862e-18	-6.332824889487832e-19	2.0624235826105508e-19	1.1779999999999664	4.416931230488696e-18	1.452830911130576e-19	3.531246475785288e-19	0.907179955168397	5749.114383650618	262428.15551659436	-1651125.791472264	329923.05975253636	235999977.85247222	1639973.414801277	-1598609.8962073128	1262949.8235076717	-3048.899998600038	1599.565890624997	5379.751475751979	308741.4562067586	-1495935.3904440568	308726.5184070441	277649235.78227735	1485831.233004413	-1495904.1296395347	1485835.1111688202	-2762.331878883528	-0.0651124225280663	0.0	0.0	0.0	0.16381808522936683	0.0	0.0	0.0	-0.09741444152568407	277672457.82724065	0.1644485943646065
128	1840.0	nan	nan	1	1	0.001500000000000045	0.001500000000000028	0.0014999999999998368	0.9350089309267609	1.2815269678778662e-19	3.643244560203041e-18	4.87890977618477e-20	1.1840000000000048	1.6508387538916037e-17	8.001412032943023e-20	9.789125890100058e-19	0.9044775915967131	6373.852210738174	262444.523571287	-1651704.3092858316	332321.04712533526	236632427.57759547	1661140.787250798	-1597736.2641889553	1268976.4926037232	-1872.8971616998417	1599.565890624997	5951.856822047778	310330.1304197024	-1491986.317295057	310318.97603630205	279808361.4487741	1500510.2982086106	-1491954.4993254328	1500513.8422798247	-1691.7900639038307	-0.06719919794574103	0.0	0.0	0.0	0.16889853646181782	0.0	0.0	0.0	-0.10039774880778037	279830749.96005404	0.1695515478691601
132	1900.0	nan	nan	1	1	0.001500000000000045	0.001500000000000028	0.0014999999999998368	0.9330664325695248	7.284754396930105e-19	1.0534433568520906e-17	-4.8729466642361e-19	1.189999999999995	1.0374405327862046e-17	-4.549312315749176e-19	4.1421943999808697e-19	0.9017997404128553	7957.801993671311	262918.51249160024	-1651653.888138633	335309.4724351667	237189817.6037918	1681950.177164577	-1596271.5332226804	1274606.9193617066	507.1865019805644	1599.565890624997	7415.425250675787	312462.9256034472	-1487508.7082404115	312455.9181874537	281885910.69332397	1514794.0820569855	-1487475.0897054502	1514794.0829418767	456.7811354522476	-0.06927887748684908	0.0	0.0	0.0	0.17395330712343404	0.0	0.0	0.0	-0.10336280084964683	281906477.8035526	0.17462838842870457
136	1960.0	nan	nan	1	1	0.001500000000000045	0.001500000000000028	0.0014999999999998368	0.9311346002442469	-2.203640915576788e-19	-3.2361266444347335e-18	-5.546236213349598e-19	1.195999999999989	3.039181319802742e-18	-1.7932703932910242e-19	7.919825819463489e-19	0.8991460724022255	16163.053422287363	263797.9179236746	-1650898.0921002435	338830.05753273895	237681574.30018154	1702430.6998785893	-1594148.2020516512	1279874.0391804099	11986.254053123841	1599.565890624997	15030.10370515385	315085.6662783203	-1482438.2801074984	315079.7544304353	283891767.5692988	1528712.4328307586	-1482406.3357472997	1528707.912335243	10763.160929478803	-0.07135143616779502	0.0	0.0	0.0	0.17898265552843068	0.0	0.0	0.0	-0.10630977450344783	283903354.6852273	0.1796793523771713
140	2020.0	nan	nan	1	1	0.001500000000000045	0.001500000000000028	0.0014999999999998368	0.9292131080289456	2.6443690986921454e-19	1.4809767995282997e-17	-8.7099381526623e-19	1.2020000000000035	-5.633135017474311e-18	2.2985086056692693e-20	3.5523884181487552e-19	0.8965159416491179	-15428.526616106574	264860.27948874515	-1649539.4704117372	342627.11892353115	238080653.66070077	1722407.2297731834	-1591483.9227323995	1284655.8728541818	-16326.82503613617	1599.565890624997	-14317.327849608026	317938.76938135223	-1476872.2034463075	317950.30814373004	285792457.0060256	1542112.4539881586	-1476861.5083019524	1542103.2858614859	-14617.797572544336	-0.07341717139572973	0.0	0.0	0.0	0.18398683611301858	0.0	0.0	0.0	-0.10923920399898951	285831382.277863	0.18470490079593432
